0.0
0.0
0.0
0.0
0.0
0.6377255916595459
0.8537259697914124
0.8950508832931519
0.8872060775756836
0.9095393419265747
1.030890703201294
0.8995922803878784
0.9145439267158508
0.9315866827964783
0.8930244445800781
1.0053666830062866
0.939555823802948
1.0156501531600952
1.1150264739990234
1.1530721187591553
0.9742758274078369
0.9050472974777222
0.9441433548927307
0.962225079536438
0.9755881428718567
1.0207387208938599
1.1164731979370117
1.0956931114196777
1.2492122650146484
1.308666706085205
1.2929397821426392
1.2987706661224365
1.1216577291488647
1.2870228290557861
1.2370645999908447
1.2247487306594849
1.2282661199569702
1.17877197265625
1.0571168661117554
1.0236687660217285
1.0630145072937012
0.9501792788505554
1.069728136062622
1.110508918762207
1.0673785209655762
1.106082797050476
1.104454755783081
1.112134337425232
0.9795677661895752
1.0985435247421265
0.9552736282348633
0.9700338244438171
0.8804156184196472
1.0919628143310547
1.0911725759506226
1.005130410194397
0.9179159998893738
0.9764227867126465
1.0242894887924194
0.9785642027854919
1.0615302324295044
